Insertion table jonction "appartient"

INSERT INTO appartient (idFilm, idGenre, idGenre2)
VALUES (1, 6, 8),
       (2, 5, 4),
	   (3, 1, 12),
       (4, 5, 1),
       (5, 1, 12),
       (6, 10, 6),
       (7, 10, 2),
       (8, 10, 12),
       (9, 10, 2),
       (10, 1, 11),
       (11, 7, 2),
       (12, 1, 7),
       (13, 10, 1),
       (14, 7, 1),
       (15, 8, 1),
       (16, 7, 10),
       (17, 7, 12),
       (18, 5, 5),
       (19, 9, 1),
       (20, 11, 1),
       (21, 10, 1),
       (22, 10, 1),
       (23, 5, 1),
       (24, 4, 6),
       (25, 5, 12),
       (26, 5, 12),
       (27, 5, 12),
       (28, 10, 2),
       (29, 1, 12),
       (30, 10, 5),
       (31, 10, 1),
       (32, 10, 1),
       (33, 10, 1),
       (34, 3, 1),
       (35, 2, 1),
       (36, 3, 1),
       (37, 2, 3),
       (38, 4, 9),
       (39, 2, 1),
       (40, 11, 1),
       (41, 7, 3),
       (42, 7, 3),
       (43, 7, 1),
       (44, 1, 1),
       (45, 10, 1);

Insertion table jonction "estOriginaire"

INSERT INTO estOriginaire (idFilm, idPays)
VALUES (1,1),
	   (2,1),
       (3,1),
       (4,2),
       (5,1),
       (6,1),
       (7,1),
       (8,1),
       (9,1),
       (10,1),
       (11,1),
       (12,3),
       (13,1),
       (14,1),
       (15,1),
       (16,1),
       (17,1),
       (18,1),
       (19,1),
       (20,3),
       (21,1),
       (22,1),
       (23,1),
       (24,1),
       (25,3),
       (26,4),
       (27,1),
       (28,1),
       (29,1),
       (30,1),
       (31,1),
       (32,5),
       (33,1),
       (34,4),
       (35,1),
       (36,1),
       (37,6),
       (38,5),
       (39,6),
       (40,1),
       (41,1),
       (42,1),
       (43,1),
       (44,1),
       (45,1);

Insertion table jonction "realise"

INSERT INTO realise (idFilm, idPersonne)
VALUES (1,195),
       (2,196),
       (3,197),
       (4,198),
       (5,199),
       (6,200),
       (7,201),
       (8,200),
       (9,202),
       (10,203),
       (11,204),
       (12,205),
       (13,206),
       (14,207),
       (15,208),
       (16,209),
       (17,210),
       (18,211),
       (19,212),
       (20,213),
       (21,214),
       (22,215),
       (23,216),
       (24,217),
       (25,218),
       (26,219),
       (27,217),
       (28,220),
       (29,221),
       (30,222),
       (31,223),
       (32,223),
       (33,224),
       (34,225),
       (35,226),
       (36,227),
       (37,228),
       (38,229),
       (39,230),
       (40,231),
       (41,232),
       (42,233),
       (43,234),
       (44,235),
       (45,236);
       
Insertion table jonction "produit"

INSERT INTO produit (idFilm, idPersonne)
VALUES (1,195),
	   (2,237),
       (3,238),
       (4,198),
       (5,239),
       (6,200),
       (7,201),
       (8,200),
       (9,240),
       (10,241),
       (11,204),
       (12,242),
       (13,206),
       (14,243),
       (15,244),
       (16,245),
       (17,246),
       (18,211),
       (19,247),
       (20,248),
       (21,249),
       (22,215),
       (23,250),
       (24,251),
       (25,218),
       (26,219),
       (27,217),
       (28,220),
       (29,252),
       (30,253),
       (31,254),
       (32,255),
       (33,256),
       (34,257),
       (35,258),
       (36,259),
       (37,228),
       (38,229),
       (39,260),
       (40,261),
       (41,262),
       (42,263),
       (43,264),
       (44,265),
       (45,266);

Insertion table jonction "decrit"

INSERT INTO decris (idFilm, idMotCles)			
VALUES (1,1),
	   (2,2),
       (3,3),
       (4,4),
       (5,5),
       (6,6),
       (7,7),
       (8,8),
       (9,7),
       (10,9),
       (11,10),
       (12,11),
       (13,12),
       (14,13),
       (15,14),
       (16,15),
       (17,16),
       (18,17),
       (19,18),
       (20,19),
       (21,20),
       (22,21),
       (23,22),
       (24,23),
       (25,24),
       (26,24),
       (27,25),
       (28,26),
       (29,26),
       (30,27),
       (31,28),
       (32,6),
       (33,29),
       (34,30),
       (35,31),
       (36,32),
       (37,33),
       (38,34),
       (39,35),
       (40,36),
       (41,37),
       (42,38),
       (43,39),
       (44,39),
       (45,40),

       (1,41),
       (2,42),
       (3,41),
       (4,43),
       (5,44),
       (6,45),
       (7,46),
       (8,47),
       (9,48),
       (10,28),
       (11,49),
       (12,50),
       (13,45),
       (14,51),
       (15,52),
       (16,53),
       (17,54),
       (18,55),
       (19,56),
       (20,57),
       (21,58),
       (22,59),
       (23,60),
       (24,61),
       (25,62),
       (26,63),
       (27,64),
       (28,65),
       (29,66),
       (30,67),
       (31,68),
       (32,69),
       (33,2),
       (34,70),
       (35,71),
       (36,72),
       (37,73),
       (38,74),
       (39,7),
       (40,75),
       (41,76),
       (42,77),
       (43,78),
       (44,78),
       (45,79);

       (1,80),
       (2,39),
       (3,81),
       (4,82),
       (5,83),
       (6,84),
       (7,85),
       (8,86),
       (9,87),
       (10,88),
       (11,89),
       (12,90),
       (13,91),
       (14,92),
       (15,93),
       (16,94),
       (17,55),
       (18,55),
       (19,95),
       (20,96),
       (21,97),
       (22,55),
       (23,56),
       (24,55),
       (25,98),
       (26,98),
       (27,98),
       (28,99),
       (29,2),
       (30,100),
       (31,101),
       (32,29),
       (33,102),
       (34,103),
       (35,104),
       (36,105),
       (37,106),
       (38,107),
       (39,55),
       (40,108),
       (41,109),
       (42,106),
       (43,110),
       (44,111),
       (45,112);

Insertion table jonction "joue"

INSERT INTO joue (idFilm, idPersonne)			
VALUES (1,1),
       (2,2),
       (3,3),
       (4,4),
       (5,5),
       (6,6),
       (7,3),
       (8,7),
       (9,8),
       (10,9),
       (11,10),
       (12,11),
       (13,12),
       (14,13),
       (15,14),
       (16,15),
       (17,16),
       (18,17),
       (19,18),
       (20,19),
       (21,20),
       (22,21),
       (23,22),
       (24,15),
       (25,23),
       (26,24),
       (27,24),
       (28,25),
       (29,14),
       (30,26),
       (31,27),
       (32,28),
       (33,29),
       (34,30),
       (35,31),
       (36,32),
       (37,33),
       (38,34),
       (39,35),
       (40,7),
       (41,36),
       (42,37),
       (43,38),
       (44,39),
       (45,40),
       (1,41),
       (2,29),
       (3,42),
       (4,43),
       (5,44),
       (6,45),
       (7,46),
       (8,47),
       (9,48),
       (10,49),
       (11,50),
       (12,51),
       (13,52),
       (14,53),
       (15,54),
       (16,55),
       (17,56),
       (18,57),
       (19,58),
       (20,59),
       (21,60),
       (22,28),
       (23,61),
       (24,62),
       (25,63),
       (26,64),
       (27,65),
       (28,66),
       (29,67),
       (30,68),
       (31,69),
       (32,70),
       (33,71),
       (34,72),
       (35,73),
       (36,74),
       (37,75),
       (38,76),
       (39,77),
       (40,78),
       (41,79),
       (42,80),
       (43,81),
       (44,82),
       (45,83),
       (1,84),
       (2,85),
       (3,86),
       (4,87),
       (5,88),
       (6,89),
       (7,90),
       (8,91),
       (9,92),
       (10,93),
       (11,94),
       (12,95),
       (13,96),
       (14,97),
       (15,98),
       (16,99),
       (17,100),
       (18,101),
       (19,102),
       (20,103),
       (21,104),
       (22,105),
       (23,106),
       (24,107),
       (25,108),
       (26,109),
       (27,110),
       (28,111),
       (29,112),
       (30,113),
       (31,114),
       (32,115),
       (33,116),
       (34,117),
       (35,118),
       (36,65),
       (37,119),
       (38,120),
       (39,121),
       (40,65),
       (41,122),
       (42,123),
       (43,124),
       (44,125),
       (45,126),
       (1,127),
       (2,128),
       (3,129),
       (4,130),
       (5,131),
       (6,132),
       (7,85),
       (8,133),
       (9,134),
       (10,135),
       (11,136),
       (12,137),
       (13,138),
       (14,139),
       (15,140),
       (16,123),
       (17,123),
       (18,123),
       (19,141),
       (20,142),
       (21,143),
       (22,144),
       (23,145),
       (24,146),
       (25,147),
       (26,148),
       (27,149),
       (28,150),
       (29,151),
       (30,152),
       (31,153),
       (32,154),
       (33,155),
       (34,123),
       (35,123),
       (36,123),
       (37,123),
       (38,156),
       (39,157),
       (40,158),
       (41,159),
       (42,123),
       (43,160),
       (44,161),
       (45,162),
       (1,163),
       (2,164),
       (3,165),
       (4,123),
       (5,166),
       (6,167),
       (7,168),
       (8,24),
       (9,169),
       (10,170),
       (11,171),
       (12,172),
       (13,173),
       (14,174),
       (15,175),
       (16,123),
       (17,123),
       (18,123),
       (19,176),
       (20,177),
       (21,178),
       (22,179),
       (23,180),
       (24,181),
       (25,182),
       (26,183),
       (27,184),
       (28,185),
       (29,186),
       (30,187),
       (31,188),
       (32,189),
       (33,190),
       (34,123),
       (35,123),
       (36,123),
       (37,123),
       (38,191),
       (39,123),
       (40,123),
       (41,123),
       (42,123),
       (43,192),
       (44,193),
       (45,194);
